sysbench 1.0.20 (using bundled LuaJIT 2.1.0-beta2)

Running the test with following options:
Number of threads: 150
Report intermediate results every 1 second(s)
Initializing random number generator from current time


Initializing worker threads...

Threads started!

1,150,665.62,14798.28,10645.90,2671.45,1480.93,337.94,0.00,0.00
2,150,1523.51,30537.31,21359.21,6131.07,3047.03,167.44,0.00,0.00
3,150,2076.00,41617.95,29164.96,8300.99,4151.99,183.21,0.00,0.00
4,150,2636.83,53015.68,37120.67,10621.33,5273.67,82.96,0.00,0.00
5,150,2749.15,55315.05,38634.13,11182.62,5498.30,81.48,0.00,0.00
6,150,2760.32,54661.25,38393.39,10747.23,5520.63,90.78,0.00,0.00
7,150,2452.63,49453.64,34471.87,10076.50,4905.27,204.11,0.00,0.00
8,150,2824.90,56165.07,39284.65,11230.61,5649.81,87.56,0.00,0.00
9,150,2950.26,58849.19,41341.65,11607.02,5900.52,74.46,0.00,0.00
10,150,2751.87,55047.33,38406.14,11137.46,5503.73,89.16,0.00,0.00
11,150,6412.53,128293.56,89895.39,25573.12,12825.06,46.63,0.00,0.00
12,150,7705.39,154432.86,108088.50,30933.57,15410.78,23.95,0.00,0.00
13,150,6442.34,128462.84,89937.78,25640.37,12884.68,38.94,0.00,0.00
14,150,4462.75,89379.08,62604.56,17849.01,8925.51,42.61,0.00,0.00
15,150,6381.75,127637.08,89164.56,25709.01,12763.51,39.65,0.00,0.00
16,150,4948.42,99140.36,69529.83,19713.68,9896.84,43.39,0.00,0.00
17,150,4277.50,85248.97,59666.98,17026.99,8555.00,44.98,0.00,0.00
18,150,4851.68,97320.56,68134.49,19484.71,9701.36,42.61,0.00,0.00
19,150,6056.28,120751.59,84516.92,24123.12,12111.56,33.72,0.00,0.00
20,150,4997.74,100331.77,70274.35,20058.95,9998.47,40.37,0.00,0.00
21,150,4704.66,94158.13,65942.19,18806.63,9409.31,42.61,0.00,0.00
22,150,5211.24,103913.70,72722.29,20768.94,10422.47,41.85,0.00,0.00
23,150,5714.15,114282.94,79941.05,22915.59,11426.29,38.25,0.00,0.00
24,150,4752.06,95104.20,66624.84,18973.24,9506.12,42.61,0.00,0.00
25,150,5030.86,100546.17,70336.02,20148.43,10061.72,43.39,0.00,0.00
26,150,6885.71,137914.26,96591.98,27556.85,13765.43,31.94,0.00,0.00
27,150,5844.47,116730.34,81687.54,23347.87,11694.93,44.98,0.00,0.00
28,150,5452.40,108959.03,76266.62,21788.61,10903.80,40.37,0.00,0.00
29,150,5668.58,114347.69,79940.17,23069.36,11338.16,41.10,0.00,0.00
30,150,5589.69,111175.75,77928.62,22067.76,11179.37,41.85,0.00,0.00
31,150,5575.02,111233.33,77855.23,22229.07,11149.03,38.25,0.00,0.00
32,150,6237.06,124848.30,87407.91,24965.26,12475.13,37.56,0.00,0.00
33,150,6263.50,125077.93,87518.95,25031.98,12526.99,38.25,0.00,0.00
34,150,5990.91,119954.13,83976.69,23995.63,11981.81,35.59,0.00,0.00
35,150,5907.21,118332.17,82851.92,23665.83,11814.42,39.65,0.00,0.00
36,150,6063.07,121103.46,84778.02,24199.29,12126.14,39.65,0.00,0.00
37,150,6358.38,127147.57,88970.29,25460.52,12716.76,32.53,0.00,0.00
38,150,6483.84,129751.73,90873.69,25910.37,12967.68,38.25,0.00,0.00
39,150,6800.10,135737.91,94958.32,27179.39,13600.20,33.72,0.00,0.00
40,150,6342.68,126979.54,88941.47,25352.71,12685.35,39.65,0.00,0.00
41,150,7006.98,140210.66,98145.76,28050.93,14013.97,34.33,0.00,0.00
42,150,6610.29,132150.85,92502.10,26429.17,13219.58,38.94,0.00,0.00
43,150,7081.49,141582.76,99063.84,28355.94,14162.98,31.94,0.00,0.00
44,150,7453.67,149092.33,104394.34,29790.66,14907.33,24.83,0.00,0.00
45,150,7436.39,148693.83,104082.48,29738.57,14872.78,25.74,0.00,0.00
46,150,7735.00,154669.95,108206.95,30995.00,15467.99,23.95,0.00,0.00
47,150,7502.11,150251.26,105247.58,29996.45,15007.23,25.74,0.00,0.00
48,150,7684.08,153665.62,107553.14,30744.32,15368.16,24.38,0.00,0.00
49,150,7441.43,148709.57,104091.00,29735.71,14882.86,25.74,0.00,0.00
50,150,7058.50,141309.02,98901.02,28290.99,14117.01,34.95,0.00,0.00
51,150,7166.34,143114.69,100186.68,28599.33,14328.67,33.12,0.00,0.00
52,150,7275.71,145655.24,102010.98,29088.84,14555.42,28.16,0.00,0.00
53,150,6871.63,137316.60,96080.82,27493.52,13742.26,34.33,0.00,0.00
54,150,7244.19,144929.89,101477.72,28965.78,14486.39,29.19,0.00,0.00
55,150,7415.57,148216.35,103718.94,29663.27,14834.13,28.16,0.00,0.00
56,150,7405.77,148100.48,103658.84,29632.10,14809.55,27.17,0.00,0.00
57,150,6623.52,132500.33,92740.23,26511.07,13249.03,33.72,0.00,0.00
58,150,7374.05,147640.90,103387.63,29505.18,14748.09,25.28,0.00,0.00
59,150,7335.87,146647.42,102623.19,29352.49,14671.74,27.17,0.00,0.00
60,150,7668.44,153409.89,107415.21,30657.79,15336.89,23.95,0.00,0.00
61,150,7616.79,152410.74,106688.02,30490.15,15232.57,24.83,0.00,0.00
62,150,7520.92,150360.46,105268.93,30050.69,15040.85,26.20,0.00,0.00
63,150,7324.55,146494.00,102555.70,29287.20,14651.10,27.17,0.00,0.00
64,150,7180.80,143656.90,100544.13,28751.18,14361.59,30.81,0.00,0.00
65,150,7572.92,151303.36,105892.85,30264.67,15145.84,24.38,0.00,0.00
66,150,7051.39,141147.81,98820.47,28224.56,14102.78,30.26,0.00,0.00
67,150,7004.10,139881.10,97882.48,27990.42,14008.20,34.33,0.00,0.00
68,150,6657.02,133194.48,93263.34,26617.09,13314.05,38.25,0.00,0.00
69,150,6751.82,135231.49,94688.54,27039.30,13503.65,36.24,0.00,0.00
70,150,7009.50,140104.10,98045.08,28041.01,14018.01,37.56,0.00,0.00
71,150,6829.72,136620.44,95614.10,27345.89,13660.44,38.25,0.00,0.00
72,150,7318.47,146226.35,102362.55,29227.88,14635.93,29.72,0.00,0.00
73,150,7356.98,147306.56,103166.70,29426.91,14712.95,23.95,0.00,0.00
74,150,6940.28,138725.56,97074.89,27769.11,13881.56,37.56,0.00,0.00
75,150,6394.88,127720.60,89350.34,25579.51,12790.75,40.37,0.00,0.00
76,150,6867.34,137504.93,96316.87,27453.37,13734.69,36.24,0.00,0.00
77,150,6942.91,138942.14,97225.72,27830.60,13885.82,36.24,0.00,0.00
78,150,7084.15,141574.85,99108.00,28300.56,14166.29,34.33,0.00,0.00
79,150,6753.41,135190.15,94652.71,27028.63,13508.81,36.24,0.00,0.00
80,150,6598.40,131912.05,92356.63,26358.62,13196.80,38.94,0.00,0.00
81,150,6692.08,133768.64,93613.15,26771.33,13384.17,38.25,0.00,0.00
82,150,6863.16,137251.26,96078.28,27446.65,13726.33,36.89,0.00,0.00
83,150,6863.72,137353.46,96144.12,27481.90,13727.44,35.59,0.00,0.00
84,150,6720.23,134390.55,94073.18,26876.91,13440.45,37.56,0.00,0.00
85,150,6685.10,133609.96,93507.38,26736.39,13366.20,37.56,0.00,0.00
86,150,6842.08,136989.52,95949.06,27352.30,13688.15,36.89,0.00,0.00
87,150,6731.78,134665.54,94217.87,26984.11,13463.55,36.89,0.00,0.00
88,150,7284.60,145533.04,101892.43,29072.41,14568.20,24.83,0.00,0.00
89,150,6056.38,121151.67,84783.36,24257.54,12110.77,40.37,0.00,0.00
90,150,6450.18,128921.51,90224.46,25796.70,12900.35,29.72,0.00,0.00
91,150,6518.29,130297.88,91241.11,26017.18,13039.59,30.26,0.00,0.00
92,150,7034.24,140905.79,98665.35,28171.96,14068.48,26.68,0.00,0.00
93,150,7017.64,140268.83,98187.98,28045.57,14035.28,28.67,0.00,0.00
94,150,6618.14,132262.80,92521.96,26504.56,13236.28,36.89,0.00,0.00
95,150,6994.12,139996.38,98014.66,27993.48,13988.24,29.19,0.00,0.00
96,150,6827.96,136509.20,95576.44,27276.83,13655.92,31.94,0.00,0.00
97,150,6418.88,128493.63,89920.34,25735.53,12837.76,36.24,0.00,0.00
98,150,7134.17,142799.37,99981.36,28548.67,14269.34,29.19,0.00,0.00
99,150,6678.02,133412.49,93403.34,26654.11,13355.05,35.59,0.00,0.00
100,150,6635.14,132744.91,92925.04,26549.58,13270.29,35.59,0.00,0.00
101,150,6967.12,139294.40,97501.68,27858.48,13934.24,30.81,0.00,0.00
102,150,6492.83,129924.63,90935.64,26003.33,12985.66,36.89,0.00,0.00
103,150,6872.69,137323.78,96095.65,27489.75,13738.38,33.72,0.00,0.00
104,150,7415.51,148464.23,103951.16,29679.04,14834.02,23.10,0.00,0.00
105,150,7184.68,143578.56,100510.49,28694.72,14373.35,25.74,0.00,0.00
106,150,7276.01,145457.10,101779.07,29131.02,14547.01,27.66,0.00,0.00
107,150,7127.14,142576.89,99840.04,28477.57,14259.29,29.19,0.00,0.00
108,150,6736.04,134671.84,94267.59,26932.17,13472.08,33.72,0.00,0.00
109,150,7030.23,140810.66,98618.26,28131.93,14060.46,31.37,0.00,0.00
110,150,6608.55,132059.01,92438.71,26405.20,13215.10,36.89,0.00,0.00
111,150,6841.83,136962.63,95811.63,27465.35,13685.66,33.72,0.00,0.00
112,150,6729.12,134395.54,94089.77,26848.52,13457.25,38.25,0.00,0.00
113,150,6610.74,132209.83,92557.38,26429.97,13222.48,37.56,0.00,0.00
114,150,6479.10,129576.06,90658.44,25959.41,12958.21,39.65,0.00,0.00
115,150,6433.52,128703.38,90115.26,25721.07,12867.04,36.89,0.00,0.00
116,150,6808.41,136192.29,95349.79,27226.66,13615.83,35.59,0.00,0.00
117,150,6724.58,134563.70,94196.19,26917.34,13450.17,36.24,0.00,0.00
118,150,6356.89,127056.74,88940.42,25407.55,12708.77,39.65,0.00,0.00
119,150,7014.17,140396.33,98312.34,28050.66,14033.33,30.26,0.00,0.00
120,150,7259.72,145247.41,101658.09,29069.88,14519.44,23.95,0.00,0.00
121,150,6890.62,137775.48,96427.73,27566.49,13781.25,33.72,0.00,0.00
122,150,6790.50,135703.99,95011.99,27112.00,13580.00,37.56,0.00,0.00
123,150,6733.14,134584.73,94200.91,26917.55,13466.27,34.95,0.00,0.00
124,150,7041.99,140974.81,98669.87,28221.96,14082.98,30.26,0.00,0.00
125,150,6852.80,136983.09,95854.26,27426.22,13702.61,33.12,0.00,0.00
126,150,6794.70,135999.04,95227.83,27176.81,13594.40,34.95,0.00,0.00
127,150,6749.79,134930.87,94472.11,26960.18,13498.59,34.95,1.00,0.00
128,150,6557.65,131129.99,91800.09,26213.59,13116.30,38.25,0.00,0.00
129,150,6696.13,134063.66,93789.87,26880.52,13393.27,37.56,0.00,0.00
130,150,6549.38,130778.59,91555.31,26130.52,13092.76,37.56,0.00,0.00
131,150,6684.23,133828.57,93717.20,26740.91,13370.46,36.24,0.00,0.00
132,150,6650.10,132820.87,92944.31,26572.38,13304.19,34.33,0.00,0.00
133,150,6499.25,130247.02,91173.51,26075.00,12998.50,38.25,0.00,0.00
134,150,6440.90,128755.08,90177.66,25697.62,12879.81,38.94,0.00,0.00
135,150,7205.94,144128.71,100910.10,28804.74,14413.87,24.83,0.00,0.00
136,150,6698.71,134014.12,93763.90,26854.81,13395.41,35.59,0.00,0.00
137,150,7018.85,140187.10,98102.97,28044.42,14039.71,31.37,0.00,0.00
138,150,6874.72,137548.38,96278.07,27520.88,13749.44,31.37,0.00,0.00
139,150,6655.97,133226.45,93311.61,26604.89,13309.94,36.89,0.00,0.00
140,150,6739.77,134745.36,94291.76,26973.07,13480.54,34.33,0.00,0.00
141,150,6557.28,131387.77,91969.04,26303.16,13115.57,36.89,0.00,0.00
142,150,6900.13,137760.61,96439.83,27521.53,13799.25,34.95,0.00,0.00
143,150,6862.30,137236.07,96065.25,27445.21,13725.61,34.33,0.00,0.00
144,150,6658.40,133236.01,93302.61,26618.61,13314.80,34.95,0.00,0.00
145,150,6940.85,138579.04,96953.94,27743.40,13881.70,33.72,0.00,0.00
146,150,6443.91,128988.28,90279.79,25818.66,12889.83,38.94,0.00,0.00
147,150,6867.91,137523.21,96281.75,27505.64,13735.82,33.12,0.00,0.00
148,150,7141.46,142649.19,99834.43,28531.84,14282.92,28.67,0.00,0.00
149,150,7056.24,141461.86,99078.41,28270.97,14112.48,31.37,0.00,0.00
150,150,7298.92,145637.86,101933.22,29107.80,14596.84,25.28,0.00,0.00
151,150,7095.02,141970.50,99354.33,28427.13,14189.04,26.20,0.00,0.00
152,150,7332.17,146661.41,102679.39,29315.68,14666.34,23.10,0.00,0.00
153,150,6938.80,138783.91,97151.14,27756.18,13876.59,33.72,0.00,0.00
154,150,6809.42,136204.48,95324.93,27259.70,13619.85,33.12,0.00,0.00
155,150,6826.01,136522.27,95572.19,27301.06,13649.03,36.24,0.00,0.00
156,150,7120.15,142425.10,99680.16,28501.62,14243.31,30.81,0.00,0.00
157,150,6930.19,138647.91,97120.77,27670.76,13856.39,34.95,0.00,0.00
158,150,6666.20,133262.04,93217.83,26707.80,13336.40,37.56,0.00,0.00
159,150,6588.38,131890.59,92397.31,26316.51,13176.76,36.24,0.00,0.00
160,150,6426.96,128291.28,89729.51,25707.85,12853.92,37.56,0.00,0.00
161,150,6560.24,131489.98,92072.49,26296.99,13120.49,34.95,0.00,0.00
162,150,6428.52,127990.57,89534.41,25600.11,12856.04,36.89,0.00,0.00
163,150,6383.65,128045.05,89713.15,25563.61,12768.30,35.59,0.00,0.00
164,150,5889.88,117691.60,82319.32,23592.52,11779.76,38.94,0.00,0.00
165,150,6220.19,124403.83,87096.68,24866.77,12440.38,36.89,0.00,0.00
166,150,6388.69,127684.80,89382.66,25524.76,12777.38,31.94,0.00,0.00
167,150,6830.93,136752.65,95749.05,27342.73,13660.87,27.66,0.00,0.00
168,150,6985.74,139528.73,97648.30,27907.95,13972.48,25.74,0.00,0.00
169,150,6697.58,134129.54,93891.08,26847.31,13391.16,36.24,0.00,0.00
170,150,6200.15,124049.94,86858.05,24789.59,12402.29,38.94,0.00,0.00
171,150,6576.12,131503.32,92013.61,26335.47,13154.23,36.89,0.00,0.00
172,150,6531.42,130886.28,91621.80,26201.65,13062.83,38.94,0.00,0.00
173,150,6468.15,129142.92,90400.05,25808.58,12934.29,40.37,0.00,0.00
174,150,6700.92,134096.36,93879.85,26812.67,13403.84,34.33,0.00,0.00
175,150,6725.14,134328.84,94027.99,26851.57,13449.28,33.72,0.00,0.00
176,150,6770.20,135493.02,94856.82,27098.80,13537.40,36.89,0.00,0.00
177,150,7084.49,141696.89,99176.92,28346.98,14172.99,26.68,0.00,0.00
178,150,7013.35,140157.02,98109.91,28020.40,14026.70,34.33,0.00,0.00
179,150,6940.54,138825.70,97176.49,27774.14,13875.07,28.16,0.00,0.00
180,150,6939.82,138912.31,97282.40,27745.27,13884.63,31.37,0.00,0.00
181,150,6797.98,136003.53,95157.65,27248.93,13596.95,30.81,0.00,0.00
182,150,6966.83,139080.55,97378.58,27769.32,13932.65,27.66,0.00,0.00
183,150,6789.96,135899.20,95117.44,27200.84,13580.92,27.66,0.00,0.00
184,150,6869.16,137436.28,96221.30,27476.66,13738.33,29.72,0.00,0.00
185,150,6553.23,130946.58,91627.22,26213.91,13105.46,40.37,0.00,0.00
186,150,6803.33,136285.61,95435.63,27243.32,13606.66,33.12,0.00,0.00
187,150,7058.95,141098.94,98775.26,28207.79,14115.89,28.67,0.00,0.00
188,150,6891.17,138028.30,96633.31,27609.66,13785.33,30.81,0.00,0.00
189,150,6504.43,129697.72,90688.11,26000.74,13008.87,40.37,0.00,0.00
190,150,6148.74,123192.77,86309.35,24587.95,12295.47,42.61,0.00,0.00
191,150,6589.35,131647.06,92134.94,26331.41,13180.71,38.94,0.00,0.00
192,150,6485.21,129701.22,90782.95,25949.84,12968.42,38.94,0.00,0.00
193,150,6746.23,134776.64,94309.25,26972.93,13494.46,34.33,0.00,0.00
194,150,6452.86,129407.16,90692.01,25809.43,12905.72,37.56,0.00,0.00
195,150,6839.07,136818.45,95770.02,27370.29,13678.15,31.94,0.00,0.00
196,150,6313.97,126153.47,88265.63,25259.89,12627.95,38.94,0.00,0.00
197,150,6348.73,127063.50,88919.15,25446.90,12697.45,36.89,0.00,0.00
198,150,6908.70,138394.94,96926.76,27650.79,13817.40,29.19,0.00,0.00
199,150,6899.40,137694.06,96355.64,27539.61,13798.80,29.19,0.00,0.00
200,150,6495.79,129796.74,90824.02,25984.15,12988.57,37.56,0.00,0.00
201,150,6952.39,139274.85,97558.51,27808.56,13907.78,29.19,0.00,0.00
202,150,6805.74,135916.74,95104.33,27202.95,13609.47,36.89,0.00,0.00
203,150,6715.11,134422.31,94080.61,26909.47,13432.23,33.12,0.00,0.00
204,150,7094.51,141733.22,99187.16,28357.04,14189.02,29.19,0.00,0.00
205,150,6701.39,134036.89,93866.52,26769.57,13400.79,34.33,0.00,0.00
206,150,6510.80,130474.99,91361.20,26090.20,13023.59,37.56,0.00,0.00
207,150,6570.71,131275.24,91863.98,26273.84,13137.42,35.59,0.00,0.00
208,150,6588.47,131735.33,92250.52,26304.88,13179.93,33.72,0.00,0.00
209,150,6768.01,135418.24,94778.16,27103.06,13537.02,32.53,0.00,0.00
210,150,6671.67,133216.45,93219.42,26653.69,13343.34,35.59,0.00,0.00
211,150,6602.88,132361.61,92661.33,26494.53,13205.76,36.24,0.00,0.00
212,150,6604.84,132068.79,92472.75,26390.36,13205.68,35.59,0.00,0.00
213,150,6824.86,136390.14,95349.00,27387.43,13653.71,33.12,0.00,0.00
214,150,7465.47,149323.31,104634.48,29760.90,14927.93,23.10,0.00,0.00
215,150,5859.75,117128.08,81980.56,23425.02,11722.51,41.10,0.00,0.00
216,150,6267.43,125392.50,87806.95,25051.70,12533.85,38.25,0.00,0.00
217,150,6270.07,125559.42,87880.99,25137.29,12541.14,34.95,0.00,0.00
218,150,6648.43,132855.53,92994.97,26563.71,13296.85,33.72,0.00,0.00
219,150,6750.50,134926.99,94423.00,27010.00,13494.00,32.53,0.00,0.00
220,150,6496.58,130146.66,91144.18,26002.33,13000.16,38.94,0.00,0.00
221,150,6990.91,139612.37,97689.88,27941.67,13980.83,29.72,0.00,0.00
222,150,6653.43,132990.62,93082.03,26604.73,13303.86,34.33,0.00,0.00
223,150,6349.98,127019.69,88914.78,25403.94,12700.97,38.94,0.00,0.00
224,150,6440.03,129221.61,90484.43,25854.12,12883.05,36.89,0.00,0.00
225,150,6590.76,131458.36,92004.75,26272.08,13181.53,34.95,0.00,0.00
226,150,6854.14,137081.85,95984.00,27389.56,13708.28,33.72,0.00,0.00
227,150,6342.13,126923.66,88856.86,25382.53,12684.27,36.24,0.00,0.00
228,150,6645.51,132930.14,93013.10,26626.02,13291.01,35.59,0.00,0.00
229,150,6565.19,131320.74,91921.62,26268.75,13130.37,36.24,0.00,0.00
230,150,6965.18,139331.49,97525.45,27878.69,13927.35,29.19,0.00,0.00
231,150,6939.10,138637.99,97088.42,27668.35,13881.21,27.66,0.00,0.00
232,150,6792.66,135807.29,95039.31,27182.65,13585.33,34.95,0.00,0.00
233,150,7033.22,140720.48,98485.13,28168.90,14066.45,29.72,0.00,0.00
234,150,6672.72,133124.39,93063.08,26716.87,13344.44,36.89,0.00,0.00
235,150,6646.07,133445.50,93582.10,26570.26,13293.13,35.59,0.00,0.00
236,150,6811.77,135877.45,95045.82,27208.09,13623.54,37.56,0.00,0.00
237,150,6581.14,131816.87,92298.01,26359.58,13159.29,35.59,0.00,0.00
238,150,6597.83,131798.56,92274.59,26326.31,13197.66,36.89,0.00,0.00
239,150,6983.99,139893.74,97907.82,28016.94,13968.98,31.94,0.00,0.00
240,150,6850.45,137014.01,95984.32,27328.79,13700.90,34.33,0.00,0.00
241,150,6854.53,136961.61,95821.44,27434.11,13706.06,33.12,0.00,0.00
242,150,7116.41,142458.13,99715.69,28506.63,14235.81,27.66,0.00,0.00
243,150,6957.30,139044.03,97329.22,27801.20,13913.60,30.81,0.00,0.00
244,150,6735.73,134859.53,94366.17,27020.90,13472.45,33.72,0.00,0.00
245,150,6925.44,138456.84,96977.18,27628.77,13850.88,31.94,0.00,0.00
246,150,6973.66,139293.10,97488.17,27857.62,13947.31,28.16,0.00,0.00
247,150,7128.10,142542.03,99762.42,28523.40,14256.20,25.74,0.00,0.00
248,150,6238.22,125050.37,87568.06,25005.87,12476.44,38.25,0.00,0.00
249,150,6541.99,130534.92,91321.95,26131.98,13080.99,36.89,0.00,0.00
250,150,6958.48,139297.55,97545.68,27831.91,13919.96,34.95,0.00,0.00
251,150,6607.42,132092.36,92439.85,26437.67,13214.84,36.89,0.00,0.00
252,150,6632.69,132809.93,93004.76,26539.78,13265.39,36.89,0.00,0.00
253,150,6753.87,135032.36,94540.15,26987.48,13504.74,36.89,0.00,0.00
254,150,6647.24,132825.73,92938.31,26589.95,13297.47,38.25,0.00,0.00
255,150,6961.02,139422.32,97624.22,27879.06,13919.04,34.33,0.00,0.00
256,150,6602.58,132052.65,92433.15,26411.33,13208.17,38.94,0.00,0.00
257,150,6911.21,138092.21,96632.95,27638.84,13820.42,34.95,0.00,0.00
258,150,7106.45,142247.10,99584.38,28447.82,14214.91,31.94,0.00,0.00
259,150,6665.66,133518.26,93476.28,26711.65,13330.32,36.89,0.00,0.00
260,150,6594.94,131796.74,92270.12,26335.75,13190.87,36.24,0.00,0.00
261,150,7120.34,142133.82,99451.79,28442.36,14239.67,31.37,0.00,0.00
262,150,6953.56,139223.12,97497.79,27818.22,13907.11,33.72,0.00,0.00
263,150,7072.95,141406.93,98946.24,28313.79,14146.89,32.53,0.00,0.00
264,150,6856.40,137257.97,96112.58,27432.59,13712.80,37.56,0.00,0.00
265,150,6578.88,131513.57,92074.30,26282.51,13156.76,38.25,0.00,0.00
266,150,6915.62,138104.46,96643.72,27628.49,13832.25,34.33,0.00,0.00
267,150,6508.04,130098.79,91038.56,26044.15,13016.08,41.10,0.00,0.00
268,150,6648.09,133120.86,93194.30,26632.37,13294.19,36.89,0.00,0.00
269,150,6543.89,131023.75,91750.42,26183.55,13089.78,38.25,0.00,0.00
270,150,6530.25,130506.91,91357.44,26088.98,13060.49,39.65,0.00,0.00
271,150,6654.35,132983.04,93079.93,26596.41,13306.70,38.25,0.00,0.00
272,150,6715.24,134592.91,94192.42,26968.01,13432.47,35.59,0.00,0.00
273,150,6738.06,134438.25,94122.87,26841.26,13474.12,38.25,0.00,0.00
274,150,6938.04,139025.82,97291.56,27856.18,13878.07,30.26,0.00,0.00
275,150,6886.64,137505.86,96276.99,27456.58,13772.28,32.53,0.00,0.00
276,150,6931.82,138950.51,97166.53,27925.34,13858.64,29.72,0.00,0.00
277,150,6987.78,139751.61,97969.90,27802.15,13979.56,28.67,0.00,0.00
278,150,5901.48,117856.60,82498.72,23552.92,11804.96,38.25,0.00,0.00
279,150,6179.67,123537.38,86436.37,24743.67,12357.34,32.53,0.00,0.00
280,150,6216.48,124079.61,86819.73,24824.92,12434.96,32.53,0.00,0.00
281,150,6724.45,134614.95,94250.27,26916.79,13447.89,29.19,0.00,0.00
282,150,6579.22,131667.48,92182.14,26327.90,13157.45,38.94,0.00,0.00
283,150,6383.75,127697.90,89420.43,25507.99,12769.49,39.65,0.00,0.00
284,150,6863.18,137327.60,96111.53,27489.72,13726.36,31.94,0.00,0.00
285,150,6877.50,137515.05,96276.04,27488.01,13751.01,34.95,0.00,0.00
286,150,6877.45,137450.96,96153.28,27539.79,13757.89,34.95,0.00,0.00
287,150,6765.55,135503.98,94918.69,27052.19,13533.10,33.72,0.00,0.00
288,150,6644.98,132999.61,93075.72,26634.93,13288.96,38.25,0.00,0.00
289,150,6731.53,134366.59,94041.41,26864.12,13461.06,36.24,0.00,0.00
290,150,6610.30,132397.05,92643.24,26531.20,13222.61,35.59,0.00,0.00
291,150,6620.58,132262.48,92627.05,26395.28,13240.15,36.24,0.00,0.00
292,150,6548.90,130942.10,91679.66,26166.63,13095.81,36.24,0.00,0.00
293,150,6871.07,137515.43,96287.01,27487.28,13741.14,29.19,0.00,0.00
294,150,7119.00,142351.99,99591.00,28522.99,14238.00,25.74,0.00,0.00
295,150,6972.82,139427.35,97613.45,27867.27,13946.64,31.94,0.00,0.00
296,150,6745.20,134849.08,94367.86,26987.81,13493.41,34.33,0.00,0.00
297,150,7018.95,140237.97,98165.28,28035.79,14036.90,28.67,0.00,0.00
298,150,6570.71,131630.10,92152.87,26339.82,13137.41,40.37,0.00,0.00
299,150,6883.64,137815.75,96544.93,27498.54,13772.27,33.12,0.00,0.00
300,150,6497.56,129799.22,90793.85,26010.25,12995.12,38.25,0.00,0.00
301,150,6846.31,136593.23,95538.37,27362.24,13692.62,33.72,0.00,0.00
302,150,6998.40,140392.07,98379.65,28015.61,13996.80,33.12,0.00,0.00
303,150,7025.21,140425.16,98291.91,28084.83,14048.41,30.26,0.00,0.00
304,150,6816.64,136439.73,95486.93,27317.52,13635.28,32.53,0.00,0.00
305,150,7088.85,141681.88,99152.80,28351.39,14177.69,29.19,0.00,0.00
306,150,6678.53,133508.61,93485.43,26668.11,13355.06,33.72,0.00,0.00
307,150,6686.78,133985.45,93811.81,26798.09,13375.55,36.24,0.00,0.00
308,150,6868.79,137202.73,96034.01,27431.15,13737.57,30.26,0.00,0.00
309,150,6977.89,139471.76,97623.43,27895.55,13952.78,26.20,1.00,0.00
310,150,6960.37,139257.48,97479.23,27856.50,13921.75,27.17,0.00,0.00
311,150,6900.84,137763.86,96336.83,27625.35,13801.68,32.53,0.00,0.00
312,150,6753.64,135094.88,94613.02,26972.57,13509.29,36.24,0.00,0.00
313,150,6809.62,136317.45,95453.72,27243.49,13620.24,36.89,0.00,0.00
314,150,6697.68,134085.51,93894.46,26795.70,13395.35,35.59,0.00,0.00
315,150,6915.01,138406.26,96857.18,27719.05,13830.03,33.12,0.00,0.00
316,150,6647.50,132631.04,92810.03,26526.01,13295.01,36.89,0.00,0.00
317,150,6848.49,137230.79,96099.86,27434.96,13695.98,33.12,0.00,0.00
318,150,6518.84,130512.81,91357.76,26116.36,13038.68,40.37,0.00,0.00
319,150,6624.21,132292.19,92587.93,26456.84,13247.42,38.25,0.00,0.00
320,150,6750.10,134927.01,94455.40,26971.41,13500.20,38.25,0.00,0.00
321,150,6687.66,133727.21,93622.25,26731.64,13373.32,36.89,0.00,0.00
322,150,6579.87,131636.41,92121.19,26352.49,13162.74,35.59,0.00,0.00
323,150,6734.83,135004.67,94533.68,27001.33,13469.66,36.24,0.00,0.00
324,150,7101.33,141959.54,99368.58,28388.31,14202.65,28.67,0.00,0.00
325,150,6762.98,135131.58,94593.70,27013.92,13523.96,36.24,0.00,0.00
326,150,7271.98,145201.60,101612.72,29042.92,14545.96,28.16,0.00,0.00
327,150,6618.44,132467.84,92723.19,26510.77,13233.88,39.65,0.00,0.00
328,150,6874.19,137553.73,96307.61,27495.75,13750.37,35.59,0.00,0.00
329,150,6791.07,135919.34,95160.94,27177.27,13581.13,37.56,0.00,0.00
330,150,6597.11,131856.23,92285.55,26374.45,13196.23,39.65,0.00,0.00
331,150,6793.06,135711.26,94982.89,27146.25,13582.12,37.56,0.00,0.00
332,150,6650.18,133073.51,93149.46,26622.70,13301.35,38.25,0.00,0.00
333,150,6800.48,136135.59,95302.71,27229.92,13602.96,35.59,0.00,0.00
334,150,7142.44,142888.82,100021.18,28581.76,14285.88,32.53,0.00,0.00
335,150,6947.75,138904.04,97225.53,27784.01,13894.50,34.95,0.00,0.00
336,150,6642.05,132791.10,92979.77,26526.22,13285.11,37.56,0.00,0.00
337,150,6726.71,134599.20,94218.94,26926.84,13453.42,37.56,0.00,0.00
338,150,6919.24,138432.80,96890.36,27703.96,13838.48,34.95,0.00,0.00
339,150,6942.12,138626.40,97014.68,27727.48,13884.24,34.33,0.00,0.00
340,150,7056.05,141299.01,98963.72,28223.19,14112.10,23.52,0.00,0.00
341,150,6207.55,124116.95,86894.66,24808.20,12414.09,34.95,0.00,0.00
342,150,6515.48,130211.54,91084.67,26095.91,13030.95,31.37,0.00,0.00
343,150,6407.11,128280.12,89810.48,25658.42,12811.21,31.94,0.00,0.00
344,150,6998.14,139939.70,97962.89,27977.54,13999.27,28.16,0.00,0.00
345,150,6804.14,135846.85,95090.99,27146.57,13609.29,31.37,0.00,0.00
346,150,7022.49,140800.95,98582.97,28172.99,14044.99,26.20,0.00,0.00
347,150,6952.58,139056.55,97348.08,27803.31,13905.16,29.72,0.00,0.00
348,150,6553.44,131133.84,91769.18,26257.77,13106.88,34.33,0.00,0.00
349,150,6569.26,131157.25,91828.67,26191.05,13137.52,35.59,0.00,0.00
350,150,6665.32,133415.32,93380.42,26703.26,13331.63,36.89,0.00,0.00
351,150,6658.94,133095.82,93167.18,26610.77,13317.88,36.89,0.00,0.00
352,150,6553.66,131131.32,91779.32,26244.67,13107.33,38.25,0.00,0.00
353,150,6545.74,130949.80,91697.35,26160.97,13091.48,38.25,0.00,0.00
354,150,6802.64,135885.78,95101.95,27180.56,13603.28,32.53,0.00,0.00
355,150,6664.70,133425.10,93407.87,26685.82,13331.41,34.95,0.00,0.00
356,150,7205.31,144012.21,100806.35,28795.24,14410.62,24.83,0.00,0.00
357,150,7072.73,141580.68,99117.27,28318.93,14144.47,27.17,0.00,0.00
358,150,7233.80,144578.05,101161.24,28948.21,14468.60,25.28,0.00,0.00
359,150,6701.87,134011.33,93799.13,26808.47,13403.73,38.25,0.00,0.00
360,150,6871.24,137380.86,96201.39,27436.99,13742.48,32.53,0.00,0.00
361,150,6879.05,137699.09,96374.77,27569.22,13755.11,33.12,0.00,0.00
362,150,6735.31,134702.19,94335.34,26893.24,13473.62,34.33,0.00,0.00
363,150,6890.68,137756.61,96384.56,27591.69,13780.36,33.72,0.00,0.00
364,150,6664.70,133464.13,93414.88,26718.86,13330.39,35.59,0.00,0.00
365,150,6637.04,132784.84,92952.59,26558.17,13274.09,36.24,0.00,0.00
366,150,6658.48,133149.55,93240.69,26591.91,13316.95,36.24,0.00,0.00
367,150,6870.13,137043.54,95901.78,27401.51,13740.25,33.72,0.00,0.00
368,150,7014.48,140403.59,98275.71,28100.92,14026.96,31.94,0.00,0.00
369,150,6772.04,135432.73,94794.51,27093.15,13545.07,35.59,0.00,0.00
370,150,6562.92,131373.28,92012.78,26236.67,13123.83,34.33,0.00,0.00
371,150,6963.70,139214.95,97420.77,27863.78,13930.39,28.16,0.00,0.00
372,150,6937.44,138756.79,97157.16,27724.75,13874.88,26.68,0.00,0.00
373,150,6839.81,136829.20,95736.33,27413.25,13679.62,32.53,0.00,0.00
374,150,7060.94,141240.85,98881.19,28242.77,14116.89,28.16,0.00,0.00
375,150,6521.39,130420.72,91313.40,26059.55,13047.77,36.24,0.00,0.00
376,150,6811.81,136231.12,95393.30,27214.21,13623.61,36.24,0.00,0.00
377,150,6412.08,128164.57,89674.10,25669.31,12821.16,38.94,0.00,0.00
378,150,5870.90,117429.09,82195.66,23488.62,11744.81,41.10,0.00,0.00
379,150,6841.89,137023.78,95925.45,27414.56,13683.78,31.94,0.00,0.00
380,150,6706.70,134351.99,94023.80,26914.78,13413.41,34.33,0.00,0.00
381,150,6498.64,129530.50,90656.74,25876.48,12997.27,42.61,0.00,0.00
382,150,6607.93,132313.68,92659.08,26438.73,13215.87,37.56,0.00,0.00
383,150,6697.47,133890.42,93704.60,26790.88,13394.94,36.24,0.00,0.00
384,150,6718.66,134323.11,94022.18,26866.62,13434.31,35.59,0.00,0.00
385,150,7150.36,143111.22,100163.06,28644.44,14303.72,26.20,0.00,0.00
386,150,7161.55,143175.94,100198.67,28655.18,14322.09,26.68,0.00,0.00
387,150,7450.86,149010.28,104376.13,29731.42,14902.73,23.10,0.00,0.00
388,150,6941.08,138603.51,96973.05,27750.31,13880.15,34.33,0.00,0.00
389,150,7243.43,145096.52,101600.97,29006.70,14488.85,26.20,0.00,0.00
390,150,6723.01,134439.23,94109.16,26885.05,13445.02,38.25,0.00,0.00
391,150,6679.87,133539.37,93451.15,26728.48,13359.74,39.65,0.00,0.00
392,150,6567.63,131425.55,92013.78,26277.51,13134.26,41.10,0.00,0.00
393,150,6745.04,135020.74,94543.53,26985.14,13492.07,38.94,0.00,0.00
394,150,6755.65,135077.00,94525.11,27040.59,13511.30,39.65,0.00,0.00
395,150,6692.15,133599.05,93490.13,26723.61,13385.31,39.65,0.00,0.00
396,150,6611.10,132283.95,92638.36,26425.39,13220.19,38.25,0.00,0.00
397,150,6510.94,130207.71,91129.10,26055.74,13022.87,40.37,0.00,0.00
398,150,6530.13,130666.62,91477.83,26128.52,13060.26,38.94,0.00,0.00
399,150,6703.95,134032.07,93802.35,26821.81,13407.91,39.65,0.00,0.00
400,150,6294.82,125966.44,88205.51,25172.28,12588.64,42.61,0.00,0.00
401,150,6456.00,129088.05,90345.03,25830.01,12913.00,38.94,0.00,0.00
402,150,6572.20,131474.91,92061.73,26269.78,13143.39,38.94,0.00,0.00
403,150,6864.59,137189.83,96012.28,27447.37,13730.18,28.67,0.00,0.00
404,150,6223.46,124428.18,87084.42,24896.84,12446.92,31.94,0.00,0.00
405,150,6371.81,127570.09,89312.26,25514.22,12743.61,30.81,0.00,0.00
406,150,6534.30,130598.92,91397.14,26135.18,13066.59,34.33,0.00,0.00
407,150,6472.44,129496.84,90674.19,25875.77,12946.88,36.24,0.00,0.00
408,150,6901.86,138085.10,96659.97,27621.42,13803.71,33.72,0.00,0.00
409,150,6775.92,135297.33,94671.83,27075.67,13549.84,32.53,0.00,0.00
410,150,6926.95,138916.53,97317.86,27742.76,13855.90,29.19,0.00,0.00
411,150,6563.86,131126.89,91735.73,26263.44,13127.71,34.95,0.00,0.00
412,150,6715.21,134414.27,94100.98,26882.85,13430.43,34.33,0.00,0.00
413,150,6975.52,139259.25,97445.17,27863.05,13951.03,29.19,0.00,0.00
414,150,6242.27,124886.46,87450.82,24951.10,12484.55,40.37,0.00,0.00
415,150,6627.81,132592.15,92833.31,26505.23,13253.62,34.33,0.00,0.00
416,150,7065.58,141322.68,98867.17,28326.34,14129.17,28.16,0.00,0.00
417,150,6920.91,138410.12,96916.68,27647.62,13845.81,31.94,0.00,0.00
418,150,7135.61,142699.25,99902.57,28525.45,14271.22,26.68,0.00,0.00
419,150,6904.67,138146.48,96709.44,27628.70,13808.35,28.16,0.00,0.00
420,150,6740.81,134742.26,94309.38,26950.25,13482.63,32.53,0.00,0.00
421,150,6997.36,140015.17,98014.02,28012.44,13988.71,31.37,0.00,0.00
422,150,6446.73,128905.59,90194.22,25811.92,12899.46,38.94,0.00,0.00
423,150,6779.72,135692.34,95021.04,27111.87,13559.43,34.33,0.00,0.00
424,150,7169.54,143317.84,100332.59,28649.17,14336.08,30.26,0.00,0.00
425,150,7001.21,139979.25,97983.97,27992.85,14002.42,31.37,0.00,0.00
426,150,7015.49,140309.73,98208.81,28066.95,14033.97,30.26,0.00,0.00
427,150,7122.04,142449.77,99702.53,28506.16,14241.08,28.16,0.00,0.00
428,150,6885.84,137828.85,96496.79,27557.37,13774.68,31.94,0.00,0.00
429,150,7241.15,144810.03,101372.12,28955.61,14482.30,25.28,0.00,0.00
430,150,6841.91,136925.13,95884.69,27356.63,13683.81,31.94,0.00,0.00
431,150,6453.66,128917.23,90206.26,25804.65,12906.32,38.25,0.00,0.00
432,150,6666.57,133282.44,93247.01,26702.28,13333.14,38.25,0.00,0.00
433,150,6473.88,129600.63,90577.32,26080.55,12942.76,40.37,0.00,0.00
434,150,6883.14,137545.90,96476.01,27297.61,13772.29,31.94,0.00,0.00
435,150,6981.50,139586.05,97697.04,27930.01,13959.01,26.68,0.00,0.00
436,150,6922.85,138595.93,97015.85,27731.39,13848.69,31.37,0.00,0.00
437,150,7171.12,143248.43,100246.70,28658.49,14343.24,27.66,0.00,0.00
438,150,6739.09,134903.77,94493.24,26935.35,13475.18,34.95,0.00,0.00
439,150,6629.88,132530.54,92732.26,26535.52,13262.76,33.72,0.00,0.00
440,150,7221.66,144535.10,101186.17,28905.62,14443.31,25.28,0.00,0.00
441,150,7111.30,142247.90,99559.13,28467.18,14221.59,28.16,0.00,0.00
442,150,7253.79,144872.80,101390.06,28974.16,14508.58,25.74,0.00,0.00
443,150,6726.43,134675.56,94329.99,26896.72,13448.86,33.12,0.00,0.00
444,150,6654.67,133099.30,93135.30,26650.67,13313.33,36.89,0.00,0.00
445,150,6722.97,134503.46,94115.62,26941.89,13445.95,31.94,0.00,0.00
446,150,6736.26,134571.30,94227.70,26871.06,13472.53,33.12,0.00,0.00
447,150,6898.32,138149.33,96730.43,27630.27,13788.64,34.33,0.00,0.00
448,150,7052.34,140993.76,98689.73,28192.35,14111.68,31.94,0.00,0.00
449,150,7274.73,145439.56,101807.19,29081.91,14550.46,27.17,0.00,0.00
450,150,7325.68,146471.59,102515.51,29304.71,14651.36,24.38,0.00,0.00
451,150,6572.47,131640.55,92190.70,26304.90,13144.94,36.89,0.00,0.00
452,150,7125.66,142402.22,99616.27,28534.63,14251.32,33.72,0.00,0.00
453,150,6840.96,136735.30,95745.51,27309.86,13679.93,34.33,0.00,0.00
454,150,6632.70,132702.09,92871.86,26562.82,13267.41,37.56,0.00,0.00
455,150,6657.51,133145.11,93240.07,26590.03,13315.01,38.94,0.00,0.00
456,150,6619.11,132498.20,92775.54,26484.44,13238.22,37.56,0.00,0.00
457,150,6797.11,136075.20,95241.54,27239.44,13594.22,35.59,0.00,0.00
458,150,6677.19,133442.90,93388.74,26699.78,13354.39,37.56,0.00,0.00
459,150,6871.49,137377.71,96143.78,27490.95,13742.97,33.72,0.00,0.00
460,150,6506.85,130153.91,91094.84,26045.38,13013.69,38.94,0.00,0.00
461,150,6596.45,132057.94,92468.25,26396.79,13192.90,38.25,0.00,0.00
462,150,6877.10,137465.07,96211.45,27499.41,13754.21,33.72,0.00,0.00
463,150,6680.07,133476.37,93427.96,26688.27,13360.14,34.95,0.00,0.00
464,150,6594.87,132023.34,92530.15,26304.45,13188.73,36.24,0.00,0.00
465,150,7297.59,145747.80,101923.31,29228.32,14596.17,24.38,0.00,0.00
466,150,6139.30,122911.03,86078.23,24555.21,12277.60,34.33,0.00,0.00
467,150,6525.53,130484.57,91283.40,26149.12,13052.06,29.72,0.00,0.00
468,150,6583.21,131783.26,92290.98,26326.85,13165.43,28.67,0.00,0.00
469,150,6676.93,133474.50,93386.94,26732.71,13354.85,34.33,0.00,0.00
470,150,6520.67,130254.44,91207.40,26005.70,13041.34,38.94,0.00,0.00
471,150,6838.81,136900.32,95829.42,27393.27,13677.63,28.16,0.00,0.00
472,150,6425.73,128536.70,89967.29,25717.94,12851.47,41.10,0.00,0.00
473,150,6955.21,139110.26,97367.99,27831.85,13910.43,30.81,0.00,0.00
474,150,7230.82,144572.35,101237.45,28874.26,14460.64,27.66,0.00,0.00
475,150,6950.82,138821.53,97134.58,27785.30,13901.65,35.59,0.00,0.00
476,150,6845.53,137196.63,96078.45,27426.13,13692.06,33.72,0.00,0.00
477,150,6731.00,134534.95,94156.97,26915.99,13462.00,35.59,0.00,0.00
478,150,6604.72,132253.34,92573.04,26470.87,13209.43,36.24,0.00,0.00
479,150,6799.59,136081.78,95258.25,27224.36,13599.18,35.59,0.00,0.00
480,150,6682.93,133281.74,93277.12,26641.75,13362.87,36.24,0.00,0.00
481,150,7200.49,144062.83,100891.89,28766.96,14403.98,24.83,0.00,0.00
482,150,7047.75,141008.01,98685.50,28231.00,14091.50,27.17,0.00,0.00
483,150,7148.19,143008.70,100079.59,28628.74,14300.37,26.20,0.00,0.00
484,150,6960.98,139246.60,97493.72,27830.92,13921.96,29.19,0.00,0.00
485,150,6531.88,130590.64,91411.35,26115.53,13063.76,37.56,0.00,0.00
486,150,6363.66,127202.25,89056.27,25417.65,12728.32,38.94,0.00,0.00
487,150,6537.65,130681.93,91447.05,26162.59,13072.29,37.56,0.00,0.00
488,150,6668.69,133512.77,93516.64,26657.76,13338.38,39.65,0.00,0.00
489,150,6752.13,135029.68,94480.87,27045.54,13503.27,33.72,0.00,0.00
490,150,6690.00,133746.95,93599.96,26764.99,13381.99,39.65,0.00,0.00
491,150,6618.82,132372.50,92648.55,26491.30,13232.65,36.89,0.00,0.00
492,150,6421.10,128461.04,89981.44,25632.39,12847.20,41.10,0.00,0.00
493,150,6600.97,131970.49,92354.65,26413.90,13201.95,38.94,0.00,0.00
494,150,6262.01,125269.27,87676.19,25069.05,12524.03,40.37,0.00,0.00
495,150,6631.96,132572.20,92745.43,26562.85,13263.92,38.94,0.00,0.00
496,150,6649.85,133073.01,93192.89,26583.41,13296.70,36.89,0.00,0.00
497,150,7173.28,143417.54,100384.88,28684.11,14348.56,24.83,0.00,0.00
498,150,6615.71,132443.18,92762.92,26448.84,13231.42,38.25,0.00,0.00
499,150,7005.99,140023.85,98011.89,28001.97,14009.99,28.67,0.00,0.00
500,150,6502.66,130080.18,91058.22,26013.64,13008.32,36.24,0.00,0.00
501,150,7000.87,140046.41,98026.18,28018.48,14001.74,29.19,0.00,0.00
502,150,6454.19,128997.85,90269.69,25819.77,12908.38,38.25,0.00,0.00
503,150,6961.61,139235.16,97474.51,27841.43,13919.22,31.37,0.00,0.00
504,150,6656.21,133145.21,93219.94,26609.84,13315.42,36.24,0.00,0.00
505,150,6410.90,127970.90,89498.50,25650.60,12821.80,37.56,0.00,0.00
506,150,6511.15,130417.98,91324.08,26070.60,13023.30,36.24,0.00,0.00
507,150,6898.48,137985.60,96642.72,27545.92,13796.96,33.12,0.00,0.00
508,150,6470.07,129423.41,90603.99,25879.28,12940.14,37.56,0.00,0.00
509,150,6762.10,135431.06,94812.44,27095.41,13523.21,34.95,0.00,0.00
510,150,6315.28,126167.52,88279.86,25256.10,12631.55,39.65,0.00,0.00
511,150,6363.65,127267.95,89084.07,25457.59,12726.30,36.89,0.00,0.00
512,150,6632.13,132477.54,92711.77,26506.51,13259.26,34.33,0.00,0.00
513,150,6925.42,138531.45,96992.91,27681.70,13856.84,28.16,0.00,0.00
514,150,6572.50,131708.14,92178.09,26385.04,13145.00,34.95,0.00,0.00
515,150,6622.70,132314.14,92629.90,26438.84,13245.41,38.25,0.00,0.00
516,150,7164.72,143218.32,100254.03,28636.86,14327.43,26.20,0.00,0.00
517,150,6570.28,131294.59,91806.90,26353.14,13134.56,36.24,0.00,0.00
518,150,6628.88,132901.57,93131.30,26504.52,13265.76,33.72,0.00,0.00
519,150,6791.20,135672.92,94960.75,27132.78,13579.39,34.95,0.00,0.00
520,150,6970.97,139386.37,97585.56,27855.88,13944.94,33.72,0.00,0.00
521,150,6793.04,135921.72,95171.50,27164.15,13586.07,36.24,0.00,0.00
522,150,6691.08,133819.62,93669.13,26768.32,13382.16,37.56,0.00,0.00
523,150,7041.88,140889.58,98631.30,28174.52,14083.76,31.37,0.00,0.00
524,150,6561.92,131001.28,91636.78,26245.67,13118.83,37.56,0.00,0.00
525,150,6617.67,132539.34,92811.33,26487.67,13240.34,37.56,0.00,0.00
526,150,6715.92,134459.36,94137.85,26890.67,13430.83,34.95,0.00,0.00
527,150,6622.62,132226.41,92550.69,26429.48,13246.25,34.95,0.00,0.00
528,150,7194.09,144018.75,100794.23,28836.34,14388.18,26.68,0.00,0.00
529,150,6214.96,124358.29,87078.51,24849.85,12429.93,35.59,0.00,0.00
530,150,6340.33,126703.66,88703.66,25320.33,12679.66,33.72,0.00,0.00
531,150,6025.78,120512.69,84350.99,24109.14,12052.57,41.85,0.00,0.00
532,150,6442.37,128803.46,90140.22,25778.50,12884.75,31.37,0.00,0.00
533,150,6856.96,137329.06,96147.34,27467.81,13713.91,35.59,0.00,0.00
534,150,6410.71,128130.08,89686.86,25621.81,12821.41,36.24,0.00,0.00
535,150,6984.07,139603.39,97741.97,27894.28,13967.14,27.17,0.00,0.00
536,150,7005.81,140151.18,98093.32,28052.24,14005.62,28.16,0.00,0.00
537,150,6515.59,130590.86,91390.30,26162.38,13038.18,38.25,0.00,0.00
538,150,6669.21,133001.19,93085.93,26578.84,13336.41,37.56,0.00,0.00
539,150,6251.27,125198.33,87670.73,25023.07,12504.53,40.37,0.00,0.00
540,150,7026.02,140531.39,98386.27,28093.08,14052.04,32.53,0.00,0.00
541,150,6456.72,129159.40,90404.08,25841.88,12913.44,37.56,0.00,0.00
542,150,6636.06,132527.16,92745.81,26520.23,13261.12,38.25,0.00,0.00
543,150,6509.24,130326.69,91242.28,26054.94,13029.47,36.89,0.00,0.00
544,150,6788.18,135641.59,94915.51,27156.72,13569.36,31.94,0.00,0.00
545,150,6636.63,132826.55,93020.79,26525.51,13280.25,32.53,0.00,0.00
546,150,7068.58,141344.66,98940.16,28270.33,14134.17,26.20,0.00,0.00
547,150,7135.88,142927.61,100036.33,28616.52,14274.76,25.74,0.00,0.00
548,150,7078.02,141336.36,98938.26,28242.07,14156.04,27.17,0.00,0.00
549,150,6642.92,132655.36,92808.87,26565.66,13280.83,38.25,0.00,0.00
550,150,6599.89,132175.80,92573.47,26399.56,13202.78,36.89,0.00,0.00
551,150,6748.52,135121.38,94592.26,27031.08,13498.04,34.33,0.00,0.00
552,150,7081.12,141540.41,99078.69,28298.48,14163.24,28.16,0.00,0.00
553,150,6638.43,132747.56,92907.00,26564.71,13275.86,35.59,0.00,0.00
554,150,6467.90,129508.09,90760.66,25811.62,12935.81,37.56,0.00,0.00
555,150,6829.81,136371.29,95345.42,27365.24,13660.62,32.53,0.00,0.00
556,150,6534.22,131010.42,91738.10,26203.88,13068.43,34.33,0.00,0.00
557,150,6660.91,133084.22,93167.76,26594.65,13321.82,36.24,0.00,0.00
558,150,6901.78,138049.59,96619.91,27626.12,13803.56,31.94,0.00,0.00
559,150,6511.15,130133.12,90916.23,26196.58,13020.31,36.89,0.00,0.00
560,150,7171.91,143369.31,100489.78,28533.70,14345.83,25.28,0.00,0.00
561,150,7151.00,143021.93,100149.97,28569.97,14301.99,25.28,0.00,0.00
562,150,7307.10,146119.07,102308.45,29199.42,14611.21,24.38,0.00,0.00
563,150,7116.01,142268.21,99554.15,28479.04,14235.02,30.26,0.00,0.00
564,150,6219.87,124586.44,87222.21,24924.49,12439.74,36.24,0.00,0.00
565,150,6343.27,126815.43,88786.80,25342.09,12686.54,38.94,0.00,0.00
566,150,6477.30,129444.93,90596.15,25894.19,12954.59,34.95,0.00,0.00
567,150,6707.14,134153.78,93903.95,26835.56,13414.28,36.89,0.00,0.00
568,150,6308.06,126219.08,88381.74,25224.23,12613.11,39.65,0.00,0.00
569,150,6657.22,133315.65,93318.26,26679.95,13317.45,34.33,0.00,0.00
570,150,6646.46,132745.33,92884.54,26567.86,13292.93,33.12,0.00,0.00
571,150,6569.62,131431.40,92042.70,26250.47,13138.24,35.59,0.00,0.00
572,150,6435.39,128669.75,90057.42,25740.55,12871.77,36.24,0.00,0.00
573,150,6756.49,135140.83,94577.88,27049.96,13512.98,32.53,0.00,0.00
574,150,6621.63,132244.65,92554.85,26446.53,13243.27,36.89,0.00,0.00
575,150,6647.89,133099.68,93221.36,26585.55,13292.77,34.95,0.00,0.00
576,150,7084.93,141981.53,99481.97,28326.71,14172.85,26.20,0.00,0.00
577,150,6805.68,135801.71,94924.61,27269.74,13607.37,34.33,0.00,0.00
578,150,6885.25,137736.08,96441.56,27521.01,13773.51,33.12,0.00,0.00
579,150,6635.73,132819.67,92945.27,26601.94,13272.47,35.59,0.00,0.00
580,150,7081.44,141537.92,99099.23,28275.79,14162.89,33.12,0.00,0.00
581,150,7368.39,147457.74,103248.42,29472.55,14736.77,24.83,0.00,0.00
582,150,6903.24,137876.80,96462.35,27610.97,13803.48,34.95,0.00,0.00
583,150,6757.76,135297.24,94693.66,27085.05,13518.52,36.24,0.00,0.00
584,150,6783.53,135413.71,94794.50,27055.14,13564.07,36.89,0.00,0.00
585,150,7126.10,142880.12,100037.49,28587.43,14255.21,32.53,0.00,0.00
586,150,6608.35,132257.05,92544.94,26495.41,13216.71,41.10,0.00,0.00
587,150,6397.12,127665.33,89412.63,25459.46,12793.23,41.85,0.00,0.00
588,150,6707.33,134206.58,93930.61,26860.32,13415.66,38.25,0.00,0.00
589,150,6402.71,128066.26,89625.98,25633.85,12806.43,39.65,0.00,0.00
590,150,6600.01,132043.19,92477.14,26367.03,13199.02,38.25,0.00,0.00
